20x20
5 1 3 5 2 5 5 3 5 1 3 3 1 1 2 3 3 5 4 2
5 1 2 3 3 5 5 2 5 1 3 4 1 3 3 5 1 3 1 1
0.43448275862068964


24x40
3 6 7 9 5 10 8 10 6 4 7 2 5 9 2 1 3 2 6 8 5 11 5 8
11 8 5 2 2 4 11 9 4 5 9 5 6 6 7 11 3 2 1 4 9 7 7 4 8 10 2 9 3 10 3 8 6 7 5 1 1 10 1 6
0.46308724832214765


carrie28
10 2 11 11 11 7 7 10 10 10 6 6 6 5 8 3 3 9 4 4 4 8 8 6 1 9 9 8
10 10 8 10 10 4 10 4 4 4 4 10 7 11 10 10 9 11 11 11 11 11 11 11 11 7 7 11 7 11 11 4 5 1 1 4 7 2 6 6 6 6 6 3 3 1
0.4723404255319149



37x53
3 1 3 3 1 1 3 2 3 3 2 1 2 2 2 3 2 2 2 2 2 3 2 3 3 2 3 3 1 3 2 3 2 1 2 1 1
2 2 2 2 2 2 2 2 2 2 2 2 2 2 2 2 2 2 2 2 2 2 2 2 2 3 3 3 3 3 3 3 3 3 3 3 3 3 3 1 2 2 2 2 2 2 2 2 2 2 2 2 2
0.6064220183486239

50x150
5 6 1 2 5 3 3 2 1 4 4 4 2 3 4 2 6 5 6 4 1 2 3 6 1 1 6 1 2 6 2 4 2 7 5 6 2 1 3 1 1 1 4 2 6 2 6 2 1 2
3 1 2 2 2 3 5 1 4 3 5 2 4 4 1 4 3 7 2 3 2 2 1 1 4 1 2 4 3 5 1 1 2 5 7 4 3 5 7 1 5 6 2 3 7 6 3 3 3 3 6 6 6 4 3 2 7 7 6 5 5 6 6 2 5 5 3 3 6 4 5 5 6 5 2 6 2 6 3 4 6 3 1 4 6 2 1 6 6 3 1 1 5 4 7 3 2 1 2 7 7 5 4 6 5 6 4 6 2 7 3 6 2 3 5 2 6 4 4 3 2 6 6 6 3 5 5 5 2 6 6 2 5 7 2 5 5 2 6 6 6 2 6 2 4 3 2 2 7 2

30x90
6 10 2 1 11 10 3 9 7 10 7 10 10 2 11 2 7 10 7 4 7 8 10 7 3 12 3 12 5 11 /n
12 4 12 1 12 12 12 7 12 3 3 3 12 5 7 6 4 5 12 8 7 7 1 2 12 5 12 3 12 8 12 5 8 6 10 3 12 1 3 7 3 4 12 2 11 12 5 1 3 6 7 1 5 12 5 7 5 12 2 12 3 7 4 7 2 5 2 7 12 12 2 12 7 1 9 7 7 4 12 5 11 5 2 12 11 1 2 7 2 7 /n
0.4659400544959128